1001,Male,49,Bengaluru,527547.56,653,78,1
1002,Male,59,Bengaluru,207143.2,630,63,1
1003,Female,54,Delhi,164423.84,555,69,4
1005,Female,30,Bengaluru,256194.36,793,6,1
1006,Female,38,Chennai,475324.88,635,97,2
1007,Female,45,Chennai,186352.34,881,2,2
1008,Female,23,Mumbai,414233.16,852,77,5
1010,Female,48,Kolkata,179271.23,669,97,3
1011,Male,55,Bengaluru,194016.58,618,13,1
1012,Female,73,Bengaluru,227536.14,614,62,1
1013,Female,54,Delhi,384549.2,711,64,4
1014,Female,34,Mumbai,441207.7,629,29,5
1015,Male,54,Bengaluru,195955.92,764,53,1
1016,Male,53,Kolkata,342386.78,880,36,3
1018,Male,30,Mumbai,243054.52,803,49,5
1019,Male,37,Mumbai,353525.88,817,75,5
1020,Female,52,Kolkata,146957.55,774,84,3
1021,Male,39,Chennai,217461.9,672,87,2
1022,Male,38,Bengaluru,466647.66,691,37,1
1024,Male,31,Mumbai,227040.48,555,64,5
1025,Female,42,Bengaluru,183013.73,778,82,1
1026,Male,65,Chennai,496142.12,623,82,2
1027,Female,65,Kolkata,304101.44,782,59,3
1030,Female,24,Chennai,372800.25,698,35,2
1031,Male,59,Bengaluru,186025.5,562,15,1
1032,Female,40,Bengaluru,424172.78,774,84,1
1033,Male,52,Chennai,316975.44,777,97,2
1034,Male,47,Kolkata,245271.89,769,4,3
1036,Female,62,Delhi,480723.0,789,30,4
1037,Female,73,Mumbai,243050.3,575,93,5
1038,Female,23,Mumbai,354943.3,850,77,5
1039,Female,45,Mumbai,105283.45,715,97,5
1040,Female,43,Mumbai,266522.75,639,78,5
1041,Female,21,Mumbai,248583.78,817,4,5
1043,Male,54,Bengaluru,279363.03,704,39,1
1044,Female,22,Kolkata,498781.94,712,11,3
1045,Female,26,Delhi,288846.6,713,97,4
1046,Female,72,Kolkata,348408.88,874,34,3
1047,Female,29,Bengaluru,516995.94,751,100,1
1050,Female,26,Chennai,371636.7,632,48,2
1051,Female,66,Kolkata,238964.97,763,62,3
1052,Male,50,Bengaluru,299609.1,701,42,1
1053,Female,33,Kolkata,361244.66,784,37,3
1054,Male,47,Mumbai,187182.77,854,36,5
1055,Female,59,Kolkata,513210.28,692,71,3
1056,Male,52,Delhi,258490.12,751,99,4
1057,Female,55,Bengaluru,443558.75,648,41,1
1058,Male,74,Bengaluru,121992.22,865,88,1
1059,Female,32,Mumbai,129229.734,863,25,5
1060,Male,31,Bengaluru,351473.44,622,8,1
1061,Male,25,Mumbai,365803.06,817,52,5
1063,Female,39,Bengaluru,675461.75,849,59,1
1064,Female,46,Bengaluru,139008.55,565,37,1
1065,Male,29,Bengaluru,255913.66,665,47,1
1066,Male,34,Chennai,625214.2,632,14,2
1067,Female,54,Mumbai,300855.78,670,96,5
1069,Male,52,Chennai,619650.75,687,48,2
1071,Male,18,Bengaluru,119798.586,892,37,1
1072,Female,45,Bengaluru,116425.72,724,12,1
1073,Female,48,Kolkata,235753.19,583,100,3
1074,Female,50,Mumbai,432140.7,760,18,5
1075,Male,43,Delhi,160744.05,555,59,4
1076,Male,27,Chennai,264898.03,712,68,2
1077,Female,68,Delhi,440550.53,880,87,4
1079,Female,59,Chennai,196636.84,715,9,2
1080,Female,74,Chennai,277507.0,897,39,2
1081,Male,62,Delhi,459226.66,801,32,4
1082,Male,45,Mumbai,143977.34,600,56,5
1083,Male,33,Kolkata,211403.47,768,78,3
1085,Female,61,Delhi,544422.2,626,11,4
1086,Male,32,Mumbai,537240.1,654,56,5
1087,Female,49,Bengaluru,542745.94,742,73,1
1088,Female,66,Chennai,560856.44,738,40,2
1089,Female,36,Delhi,497387.3,805,29,4
1090,Female,55,Delhi,125660.36,808,44,4
1092,Male,22,Kolkata,316583.75,695,52,3
1093,Male,59,Kolkata,252129.19,656,2,3
1094,Female,21,Mumbai,527125.2,678,62,5
1095,Female,74,Bengaluru,341603.3,859,54,1
1097,Female,22,Delhi,192009.5,861,23,4
1098,Female,35,Mumbai,203632.44,814,80,5
1099,Male,47,Chennai,336327.25,616,67,2
1100,Male,66,Chennai,363044.22,653,2,2
1101,Female,20,Bengaluru,386949.53,575,19,1
1102,Female,58,Chennai,548611.4,576,28,2
1105,Male,63,Chennai,385780.88,876,59,2
1107,Female,48,Kolkata,400021.3,849,51,3
1108,Male,63,Delhi,351206.53,564,79,4
1110,Male,22,Mumbai,333149.38,565,72,5
1111,Male,70,Chennai,171137.06,782,12,2
1112,Female,65,Mumbai,352699.34,667,78,5
1113,Female,41,Chennai,332877.78,593,40,2
1114,Male,56,Delhi,238627.58,606,15,4
1115,Female,51,Chennai,687212.75,553,100,2
1116,Female,33,Delhi,279227.4,827,25,4
1117,Female,69,Mumbai,355596.9,559,10,5
1118,Female,21,Delhi,467350.1,806,10,4
1119,Female,40,Kolkata,466464.84,620,90,3
1120,Female,19,Delhi,327653.03,857,8,4
1121,Male,62,Chennai,302975.2,804,70,2
1122,Female,38,Mumbai,589901.06,858,76,5
1124,Male,30,Chennai,208227.11,800,87,2
1125,Female,62,Mumbai,568519.06,624,6,5
1126,Female,58,Kolkata,151571.53,767,46,3
1127,Male,73,Chennai,217072.69,630,35,2
1128,Male,66,Bengaluru,336463.0,808,89,1
1129,Male,71,Bengaluru,487605.53,790,100,1
1130,Male,54,Bengaluru,599442.5,726,71,1
1131,Male,53,Kolkata,389042.53,624,50,3
1133,Female,41,Delhi,198910.52,895,76,4
1134,Female,47,Kolkata,405487.94,781,93,3
1135,Male,26,Mumbai,221839.27,868,57,5
1136,Female,30,Delhi,260829.72,894,85,4
1137,Female,55,Kolkata,133886.4,707,96,3
1139,Male,50,Mumbai,380765.88,842,20,5
1140,Female,61,Chennai,101745.54,567,7,2
1141,Female,37,Bengaluru,341134.72,636,18,1
1142,Male,29,Bengaluru,274581.22,756,22,1
1143,Female,26,Chennai,212645.62,894,19,2
1144,Female,22,Kolkata,281654.88,887,14,3
1146,Male,70,Mumbai,213942.2,657,11,5
1148,Female,37,Delhi,142909.42,637,30,4
1149,Female,62,Bengaluru,651534.3,884,23,1
1150,Male,19,Kolkata,365974.38,551,77,3
1151,Male,46,Delhi,355468.06,892,73,4
1152,Male,50,Delhi,471770.9,616,39,4
1153,Female,48,Kolkata,231493.98,886,94,3
1154,Female,53,Chennai,465350.44,868,58,2
1155,Female,70,Bengaluru,127331.65,669,32,1
1156,Female,60,Mumbai,671028.2,605,55,5
1157,Male,37,Kolkata,163664.2,854,22,3
1158,Female,57,Bengaluru,216758.3,742,78,1
1159,Male,66,Bengaluru,193910.7,803,36,1
1161,Female,21,Bengaluru,365100.16,633,55,1
1162,Female,22,Delhi,534470.7,827,85,4
1163,Male,18,Delhi,261938.98,742,32,4
1164,Female,18,Delhi,330757.8,586,87,4
1165,Male,38,Chennai,514927.6,581,9,2
1166,Female,23,Chennai,432732.2,786,54,2
1167,Male,21,Bengaluru,695407.06,718,86,1
1168,Female,44,Chennai,285875.0,755,67,2
1170,Male,63,Chennai,260043.86,725,77,2
1171,Male,50,Bengaluru,326077.0,573,35,1
1172,Male,56,Mumbai,648085.06,605,35,5
1173,Male,59,Bengaluru,101571.5,890,45,1
1175,Female,20,Mumbai,359566.5,779,91,5
1176,Female,33,Mumbai,581177.2,666,32,5
1177,Male,49,Kolkata,351979.44,779,89,3
1178,Male,22,Chennai,634981.0,844,21,2
1179,Male,64,Chennai,110492.74,733,19,2
1180,Male,31,Delhi,266781.94,571,61,4
1182,Female,23,Bengaluru,268234.22,701,92,1
1183,Male,26,Kolkata,195930.23,838,94,3
1184,Female,63,Chennai,244212.55,573,41,2
1185,Female,43,Chennai,241845.75,896,4,2
1186,Male,62,Kolkata,197295.81,824,47,3
1187,Female,74,Kolkata,118255.836,615,75,3
1188,Male,66,Chennai,316199.3,770,11,2
1189,Female,45,Chennai,153779.28,831,44,2
1190,Female,62,Delhi,243936.17,676,7,4
1191,Female,61,Delhi,103642.47,559,96,4
1192,Female,47,Mumbai,115856.04,784,34,5
1193,Male,74,Bengaluru,451973.22,608,16,1
1194,Female,48,Bengaluru,192447.83,568,45,1
1195,Female,48,Chennai,630148.5,833,91,2
1196,Female,54,Delhi,317466.4,601,52,4
1197,Female,20,Bengaluru,323305.5,554,58,1
1198,Male,44,Chennai,109058.55,844,36,2
1199,Male,28,Delhi,160116.89,837,24,4
1200,Male,41,Chennai,280081.38,789,31,2
